# Minted: 2026-04-23T07:53:50.5144990+10:00

LOCK_ID=7f4a9e2c-8d3b-47e1-9f6c-2a5d8e1b4f7a
LOCK_INCEPTION=2026-04-23T07:53:50.5144990+10:00
LOCK_EXPIRY=2026-07-23T07:53:50.5144990+10:00

# Wobble Constants (3-strata validation)
SUU=0.05
AHA=0.075
RERE=0.15

# System Status at Minting
CYCLES_COMPLETED=37445846
K_VALUE=0.995
CONSENSUS=3/3
WITNESSED_TILES=37000000
UPTIME=CONTINUOUS

# Series A
STATUS=PRODUCTION_READY
FUNDING_ASK=2500000
POST_MONEY_VALUATION=12500000
YEAR_1_REVENUE=3180000
